%YAML:1.0
---
nonfisheye_intrinsic_matrix: !!opencv-matrix
   rows: 3
   cols: 3
   dt: d
   data: [ 7.2210445560851042e+02, 0., 3.5721610303208797e+02, 0.,
       7.2295834930536023e+02, 3.6777322999308569e+02, 0., 0., 1. ]
nonfisheye_distortion_coeffs: !!opencv-matrix
   rows: 1
   cols: 5
   dt: d
   data: [ 2.7309535159951481e-01, -1.7501402136033852e+00,
       -1.5425841019508354e-03, -4.3053736844214600e-03,
       2.2997052241419480e+00 ]
