%YAML:1.0
---
camera_matrix: !!opencv-matrix
   rows: 3
   cols: 3
   dt: d
   data: [ 3.2702078510490145e+02, 0., 640., 0., 3.2731913183907830e+02,
       480., 0., 0., 1. ]
dist_coeffs: !!opencv-matrix
   rows: 4
   cols: 1
   dt: d
   data: [ -1.6576697878614165e-02, -6.9622688696565540e-03,
       1.4614663993092753e-03, -4.4889713637247968e-04 ]
resolution: !!opencv-matrix
   rows: 2
   cols: 1
   dt: i
   data: [ 1280, 960 ]
project_matrix: !!opencv-matrix
   rows: 3
   cols: 3
   dt: d
   data: [ -5.2757234674366815e-01, -1.7381386683271900e+00,
       8.5297263533863190e+02, -2.3968449411052674e-02,
       -1.8074241348089117e+00, 7.2799473320489324e+02,
       -8.9920296458198911e-05, -3.2233447823296888e-03, 1. ]
scale_xy: !!opencv-matrix
   rows: 2
   cols: 1
   dt: f
   data: [ 1., 1. ]
shift_xy: !!opencv-matrix
   rows: 2
   cols: 1
   dt: f
   data: [ 0., 0. ]
