%YAML:1.0
---
camera_matrix: !!opencv-matrix
   rows: 3
   cols: 3
   dt: d
   data: [ 3.2731799999999998e+02, 0., 640., 0., 3.2731799999999998e+02,
       480., 0., 0., 1. ]
dist_coeffs: !!opencv-matrix
   rows: 4
   cols: 1
   dt: d
   data: [ -1.6576697878614165e-02, -6.9622688696565540e-03,
       1.4614663993092753e-03, -4.4889713637247968e-04 ]
resolution: !!opencv-matrix
   rows: 2
   cols: 1
   dt: i
   data: [ 1280, 960 ]
project_matrix: !!opencv-matrix
   rows: 3
   cols: 3
   dt: d
   data: [ -4.7185951072008697e-01, -1.4345480857572954e+00,
       7.6493830268273712e+02, -6.1048924406935962e-02,
       -1.5770411207213131e+00, 6.9893750479082223e+02,
       -1.3657825500784768e-04, -2.8107131856667587e-03, 1. ]
scale_xy: !!opencv-matrix
   rows: 2
   cols: 1
   dt: f
   data: [ 1., 1. ]
shift_xy: !!opencv-matrix
   rows: 2
   cols: 1
   dt: f
   data: [ 0., 0. ]
